#множество решений, без неравенств, максимум
-2 -7 -1 1 0 0 0 1
6 3 -5 -3 -4 -2 0 25
-19 -8 24 10 13 -14 0 20
-4 -1 4 2 3 -3 0 0

#одно решение, без неравенств, максимум
2 -1 -1 -1 0 1
1 1 2 -1 0 2
2 1 -3 1 0 6
1 1 1 1 0 7

#система ограничений не совместна, без неравенств, минимум
2 1 -1 -1 0 -1
1 1 2 1 0 2
2 1 3 1 0 6

#одно решение, без неравенств, максимум(если в целевой функции сменить x2 на плюс, то решения нет)
0 -13 -2 0 0 0 1
-3 13 -2 7 -6 0 52
-6 17 -3 7 -3 0 49
-3 12 -2 5 -3 0 41

#Нет решение по M строке(еще и дроби огромные, ужас)
-5 -13 -2 -7 -1 0 1
-15 -24 -16 17 -18 0 85
23 6 -9 6 5 0 33
13 -20 17 -19 -9 0 48
